dae31
 1.000000  0.000033
 0.999938  0.000047
 0.999751  0.000087
 0.999439  0.000155
 0.999003  0.000249
 0.998443  0.000371
 0.997759  0.000520
 0.996950  0.000696
 0.996018  0.000901
 0.994962  0.001133
 0.993782  0.001393
 0.992480  0.001682
 0.991055  0.002000
 0.989507  0.002348
 0.987838  0.002724
 0.986046  0.003131
 0.984134  0.003568
 0.982101  0.004036
 0.979948  0.004535
 0.977675  0.005066
 0.975284  0.005629
 0.972774  0.006225
 0.970146  0.006854
 0.967400  0.007516
 0.964539  0.008213
 0.961561  0.008944
 0.958469  0.009711
 0.955262  0.010513
 0.951942  0.011351
 0.948509  0.012225
 0.944964  0.013137
 0.941309  0.014086
 0.937544  0.015073
 0.933669  0.016098
 0.929686  0.017161
 0.925597  0.018263
 0.921401  0.019403
 0.917100  0.020583
 0.912695  0.021802
 0.908188  0.023061
 0.903579  0.024358
 0.898869  0.025694
 0.894059  0.027069
 0.889152  0.028483
 0.884147  0.029935
 0.879047  0.031424
 0.873852  0.032950
 0.868565  0.034512
 0.863185  0.036110
 0.857715  0.037741
 0.852155  0.039406
 0.846508  0.041102
 0.840775  0.042829
 0.834956  0.044585
 0.829054  0.046367
 0.823070  0.048175
 0.817006  0.050006
 0.810862  0.051858
 0.804642  0.053728
 0.798345  0.055615
 0.791974  0.057516
 0.785530  0.059428
 0.779014  0.061349
 0.772430  0.063275
 0.765777  0.065205
 0.759059  0.067134
 0.752275  0.069060
 0.745429  0.070981
 0.738522  0.072892
 0.731555  0.074791
 0.724530  0.076674
 0.717450  0.078540
 0.710315  0.080385
 0.703128  0.082206
 0.695890  0.084000
 0.688604  0.085765
 0.681270  0.087498
 0.673891  0.089196
 0.666469  0.090858
 0.659006  0.092481
 0.651503  0.094064
 0.643962  0.095604
 0.636385  0.097100
 0.628774  0.098550
 0.621131  0.099954
 0.613458  0.101310
 0.605757  0.102617
 0.598029  0.103875
 0.590277  0.105082
 0.582502  0.106240
 0.574707  0.107347
 0.566893  0.108404
 0.559063  0.109410
 0.551217  0.110366
 0.543359  0.111273
 0.535491  0.112130
 0.527613  0.112938
 0.519728  0.113699
 0.511839  0.114411
 0.503947  0.115077
 0.496053  0.115697
 0.488161  0.116271
 0.480272  0.116799
 0.472387  0.117284
 0.464509  0.117725
 0.456641  0.118123
 0.448783  0.118477
 0.440937  0.118789
 0.433107  0.119059
 0.425293  0.119287
 0.417498  0.119472
 0.409723  0.119616
 0.401971  0.119717
 0.394243  0.119776
 0.386542  0.119792
 0.378869  0.119766
 0.371226  0.119695
 0.363615  0.119581
 0.356038  0.119422
 0.348497  0.119218
 0.340994  0.118969
 0.333531  0.118673
 0.326109  0.118331
 0.318730  0.117941
 0.311396  0.117504
 0.304110  0.117019
 0.296872  0.116485
 0.289685  0.115903
 0.282550  0.115272
 0.275470  0.114592
 0.268445  0.113863
 0.261478  0.113086
 0.254571  0.112261
 0.247725  0.111388
 0.240941  0.110468
 0.234223  0.109502
 0.227570  0.108491
 0.220986  0.107434
 0.214470  0.106335
 0.208026  0.105193
 0.201655  0.104011
 0.195358  0.102788
 0.189138  0.101528
 0.182994  0.100230
 0.176930  0.098898
 0.170946  0.097531
 0.165044  0.096131
 0.159225  0.094701
 0.153492  0.093240
 0.147845  0.091751
 0.142285  0.090234
 0.136815  0.088691
 0.131435  0.087123
 0.126148  0.085530
 0.120953  0.083913
 0.115853  0.082274
 0.110848  0.080611
 0.105941  0.078926
 0.101131  0.077220
 0.096421  0.075491
 0.091812  0.073741
 0.087305  0.071969
 0.082900  0.070175
 0.078599  0.068360
 0.074403  0.066523
 0.070314  0.064664
 0.066331  0.062783
 0.062456  0.060881
 0.058691  0.058957
 0.055036  0.057011
 0.051491  0.055045
 0.048058  0.053058
 0.044738  0.051052
 0.041531  0.049028
 0.038439  0.046987
 0.035461  0.044930
 0.032600  0.042861
 0.029854  0.040779
 0.027226  0.038690
 0.024716  0.036594
 0.022325  0.034496
 0.020052  0.032398
 0.017899  0.030306
 0.015866  0.028222
 0.013954  0.026151
 0.012162  0.024097
 0.010493  0.022067
 0.008945  0.020063
 0.007520  0.018092
 0.006218  0.016159
 0.005038  0.014269
 0.003982  0.012427
 0.003050  0.010638
 0.002241  0.008908
 0.001557  0.007241
 0.000997  0.005641
 0.000561  0.004113
 0.000249  0.002662
 0.000062  0.001290
 0.000000  0.000000
 0.000062  -0.001621
 0.000249  -0.003155
 0.000561  -0.004600
 0.000997  -0.005956
 0.001557  -0.007222
 0.002241  -0.008398
 0.003050  -0.009485
 0.003982  -0.010484
 0.005038  -0.011396
 0.006218  -0.012223
 0.007520  -0.012967
 0.008945  -0.013631
 0.010493  -0.014218
 0.012162  -0.014729
 0.013954  -0.015169
 0.015866  -0.015541
 0.017899  -0.015848
 0.020052  -0.016094
 0.022325  -0.016282
 0.024716  -0.016416
 0.027226  -0.016498
 0.029854  -0.016534
 0.032600  -0.016525
 0.035461  -0.016476
 0.038439  -0.016390
 0.041531  -0.016269
 0.044738  -0.016116
 0.048058  -0.015934
 0.051491  -0.015726
 0.055036  -0.015494
 0.058691  -0.015240
 0.062456  -0.014966
 0.066331  -0.014673
 0.070314  -0.014363
 0.074403  -0.014038
 0.078599  -0.013699
 0.082900  -0.013346
 0.087305  -0.012981
 0.091812  -0.012604
 0.096421  -0.012215
 0.101131  -0.011816
 0.105941  -0.011405
 0.110848  -0.010985
 0.115853  -0.010554
 0.120953  -0.010114
 0.126148  -0.009663
 0.131435  -0.009202
 0.136815  -0.008731
 0.142285  -0.008250
 0.147845  -0.007758
 0.153492  -0.007257
 0.159225  -0.006746
 0.165044  -0.006224
 0.170946  -0.005693
 0.176930  -0.005153
 0.182994  -0.004602
 0.189138  -0.004043
 0.195358  -0.003475
 0.201655  -0.002899
 0.208026  -0.002314
 0.214470  -0.001723
 0.220986  -0.001124
 0.227570  -0.000520
 0.234223  0.000090
 0.240941  0.000704
 0.247725  0.001323
 0.254571  0.001944
 0.261478  0.002568
 0.268445  0.003193
 0.275470  0.003818
 0.282550  0.004443
 0.289685  0.005066
 0.296872  0.005688
 0.304110  0.006306
 0.311396  0.006920
 0.318730  0.007529
 0.326109  0.008132
 0.333531  0.008728
 0.340994  0.009317
 0.348497  0.009898
 0.356038  0.010470
 0.363615  0.011032
 0.371226  0.011584
 0.378869  0.012125
 0.386542  0.012654
 0.394243  0.013171
 0.401971  0.013675
 0.409723  0.014166
 0.417498  0.014644
 0.425293  0.015107
 0.433107  0.015556
 0.440937  0.015990
 0.448783  0.016409
 0.456641  0.016812
 0.464509  0.017199
 0.472387  0.017570
 0.480272  0.017924
 0.488161  0.018262
 0.496053  0.018583
 0.503947  0.018886
 0.511839  0.019173
 0.519728  0.019441
 0.527613  0.019692
 0.535491  0.019925
 0.543359  0.020140
 0.551217  0.020336
 0.559063  0.020514
 0.566893  0.020674
 0.574707  0.020815
 0.582502  0.020938
 0.590277  0.021041
 0.598029  0.021126
 0.605757  0.021193
 0.613458  0.021240
 0.621131  0.021269
 0.628774  0.021279
 0.636385  0.021271
 0.643962  0.021245
 0.651503  0.021200
 0.659006  0.021137
 0.666469  0.021056
 0.673891  0.020957
 0.681270  0.020842
 0.688604  0.020709
 0.695890  0.020559
 0.703128  0.020394
 0.710315  0.020212
 0.717450  0.020015
 0.724530  0.019802
 0.731555  0.019575
 0.738522  0.019335
 0.745429  0.019080
 0.752275  0.018813
 0.759059  0.018533
 0.765777  0.018241
 0.772430  0.017938
 0.779014  0.017624
 0.785530  0.017300
 0.791974  0.016967
 0.798345  0.016625
 0.804642  0.016275
 0.810862  0.015917
 0.817006  0.015553
 0.823070  0.015182
 0.829054  0.014806
 0.834956  0.014425
 0.840775  0.014039
 0.846508  0.013649
 0.852155  0.013257
 0.857715  0.012862
 0.863185  0.012465
 0.868565  0.012066
 0.873852  0.011667
 0.879047  0.011268
 0.884147  0.010868
 0.889152  0.010470
 0.894059  0.010073
 0.898869  0.009678
 0.903579  0.009285
 0.908188  0.008895
 0.912695  0.008508
 0.917100  0.008125
 0.921401  0.007746
 0.925597  0.007372
 0.929686  0.007003
 0.933669  0.006640
 0.937544  0.006282
 0.941309  0.005931
 0.944964  0.005586
 0.948509  0.005249
 0.951942  0.004919
 0.955262  0.004597
 0.958469  0.004284
 0.961561  0.003978
 0.964539  0.003682
 0.967400  0.003395
 0.970146  0.003118
 0.972774  0.002851
 0.975284  0.002593
 0.977675  0.002347
 0.979948  0.002111
 0.982101  0.001886
 0.984134  0.001673
 0.986046  0.001471
 0.987838  0.001281
 0.989507  0.001103
 0.991055  0.000938
 0.992480  0.000784
 0.993782  0.000644
 0.994962  0.000516
 0.996018  0.000402
 0.996950  0.000300
 0.997759  0.000212
 0.998443  0.000137
 0.999003  0.000076
 0.999439  0.000028
 0.999751  -0.000006
 0.999938  -0.000026
 1.000000  -0.000033
