e591
 1.000000  0.000000
 0.999938  0.000033
 0.999751  0.000133
 0.999439  0.000298
 0.999003  0.000529
 0.998443  0.000824
 0.997759  0.001183
 0.996950  0.001605
 0.996018  0.002088
 0.994962  0.002631
 0.993782  0.003232
 0.992480  0.003889
 0.991055  0.004601
 0.989507  0.005365
 0.987838  0.006179
 0.986046  0.007042
 0.984134  0.007950
 0.982101  0.008902
 0.979948  0.009895
 0.977675  0.010927
 0.975284  0.011996
 0.972774  0.013098
 0.970146  0.014233
 0.967400  0.015397
 0.964539  0.016589
 0.961561  0.017807
 0.958469  0.019048
 0.955262  0.020311
 0.951942  0.021594
 0.948509  0.022896
 0.944964  0.024214
 0.941309  0.025548
 0.937544  0.026897
 0.933669  0.028258
 0.929686  0.029632
 0.925597  0.031018
 0.921401  0.032414
 0.917100  0.033820
 0.912695  0.035236
 0.908188  0.036661
 0.903579  0.038095
 0.898869  0.039538
 0.894059  0.040990
 0.889152  0.042450
 0.884147  0.043918
 0.879047  0.045395
 0.873852  0.046881
 0.868565  0.048375
 0.863185  0.049878
 0.857715  0.051389
 0.852155  0.052909
 0.846508  0.054438
 0.840775  0.055976
 0.834956  0.057522
 0.829054  0.059076
 0.823070  0.060638
 0.817006  0.062209
 0.810862  0.063786
 0.804642  0.065371
 0.798345  0.066962
 0.791974  0.068559
 0.785530  0.070161
 0.779014  0.071768
 0.772430  0.073378
 0.765777  0.074991
 0.759059  0.076605
 0.752275  0.078220
 0.745429  0.079835
 0.738522  0.081448
 0.731555  0.083059
 0.724530  0.084665
 0.717450  0.086266
 0.710315  0.087861
 0.703128  0.089448
 0.695890  0.091026
 0.688604  0.092593
 0.681270  0.094150
 0.673891  0.095693
 0.666469  0.097222
 0.659006  0.098737
 0.651503  0.100235
 0.643962  0.101715
 0.636385  0.103178
 0.628774  0.104620
 0.621131  0.106042
 0.613458  0.107443
 0.605757  0.108821
 0.598029  0.110177
 0.590277  0.111508
 0.582502  0.112814
 0.574707  0.114095
 0.566893  0.115350
 0.559063  0.116577
 0.551217  0.117777
 0.543359  0.118949
 0.535491  0.120092
 0.527613  0.121205
 0.519728  0.122287
 0.511839  0.123339
 0.503947  0.124359
 0.496053  0.125347
 0.488161  0.126301
 0.480272  0.127222
 0.472387  0.128107
 0.464509  0.128958
 0.456641  0.129771
 0.448783  0.130548
 0.440937  0.131286
 0.433107  0.131985
 0.425293  0.132644
 0.417498  0.133262
 0.409723  0.133837
 0.401971  0.134369
 0.394243  0.134856
 0.386542  0.135298
 0.378869  0.135693
 0.371226  0.136040
 0.363615  0.136338
 0.356038  0.136586
 0.348497  0.136782
 0.340994  0.136927
 0.333531  0.137018
 0.326109  0.137056
 0.318730  0.137038
 0.311396  0.136964
 0.304110  0.136833
 0.296872  0.136645
 0.289685  0.136399
 0.282550  0.136094
 0.275470  0.135730
 0.268445  0.135307
 0.261478  0.134824
 0.254571  0.134280
 0.247725  0.133676
 0.240941  0.133012
 0.234223  0.132288
 0.227570  0.131504
 0.220986  0.130659
 0.214470  0.129755
 0.208026  0.128792
 0.201655  0.127769
 0.195358  0.126689
 0.189138  0.125550
 0.182994  0.124354
 0.176930  0.123101
 0.170946  0.121791
 0.165044  0.120427
 0.159225  0.119008
 0.153492  0.117534
 0.147845  0.116008
 0.142285  0.114429
 0.136815  0.112798
 0.131435  0.111116
 0.126148  0.109385
 0.120953  0.107604
 0.115853  0.105774
 0.110848  0.103898
 0.105941  0.101974
 0.101131  0.100005
 0.096421  0.097991
 0.091812  0.095932
 0.087305  0.093831
 0.082900  0.091688
 0.078599  0.089505
 0.074403  0.087281
 0.070314  0.085019
 0.066331  0.082720
 0.062456  0.080386
 0.058691  0.078016
 0.055036  0.075614
 0.051491  0.073181
 0.048058  0.070719
 0.044738  0.068229
 0.041531  0.065714
 0.038439  0.063175
 0.035461  0.060615
 0.032600  0.058037
 0.029854  0.055442
 0.027226  0.052833
 0.024716  0.050213
 0.022325  0.047585
 0.020052  0.044952
 0.017899  0.042316
 0.015866  0.039680
 0.013954  0.037048
 0.012162  0.034423
 0.010493  0.031808
 0.008945  0.029205
 0.007520  0.026618
 0.006218  0.024050
 0.005038  0.021504
 0.003982  0.018983
 0.003050  0.016489
 0.002241  0.014026
 0.001557  0.011595
 0.000997  0.009198
 0.000561  0.006839
 0.000249  0.004519
 0.000062  0.002238
 0.000000  0.000000
 0.000062  -0.001443
 0.000249  -0.002841
 0.000561  -0.004195
 0.000997  -0.005502
 0.001557  -0.006763
 0.002241  -0.007978
 0.003050  -0.009145
 0.003982  -0.010267
 0.005038  -0.011343
 0.006218  -0.012373
 0.007520  -0.013359
 0.008945  -0.014302
 0.010493  -0.015203
 0.012162  -0.016064
 0.013954  -0.016885
 0.015866  -0.017668
 0.017899  -0.018415
 0.020052  -0.019128
 0.022325  -0.019807
 0.024716  -0.020456
 0.027226  -0.021074
 0.029854  -0.021664
 0.032600  -0.022227
 0.035461  -0.022765
 0.038439  -0.023279
 0.041531  -0.023769
 0.044738  -0.024238
 0.048058  -0.024685
 0.051491  -0.025112
 0.055036  -0.025519
 0.058691  -0.025907
 0.062456  -0.026276
 0.066331  -0.026625
 0.070314  -0.026956
 0.074403  -0.027267
 0.078599  -0.027559
 0.082900  -0.027831
 0.087305  -0.028082
 0.091812  -0.028312
 0.096421  -0.028519
 0.101131  -0.028703
 0.105941  -0.028863
 0.110848  -0.028998
 0.115853  -0.029107
 0.120953  -0.029188
 0.126148  -0.029241
 0.131435  -0.029264
 0.136815  -0.029256
 0.142285  -0.029217
 0.147845  -0.029145
 0.153492  -0.029040
 0.159225  -0.028900
 0.165044  -0.028725
 0.170946  -0.028514
 0.176930  -0.028268
 0.182994  -0.027985
 0.189138  -0.027666
 0.195358  -0.027310
 0.201655  -0.026918
 0.208026  -0.026489
 0.214470  -0.026025
 0.220986  -0.025526
 0.227570  -0.024992
 0.234223  -0.024425
 0.240941  -0.023825
 0.247725  -0.023193
 0.254571  -0.022531
 0.261478  -0.021840
 0.268445  -0.021121
 0.275470  -0.020376
 0.282550  -0.019606
 0.289685  -0.018813
 0.296872  -0.017999
 0.304110  -0.017165
 0.311396  -0.016313
 0.318730  -0.015444
 0.326109  -0.014561
 0.333531  -0.013665
 0.340994  -0.012757
 0.348497  -0.011840
 0.356038  -0.010914
 0.363615  -0.009982
 0.371226  -0.009045
 0.378869  -0.008104
 0.386542  -0.007160
 0.394243  -0.006215
 0.401971  -0.005271
 0.409723  -0.004328
 0.417498  -0.003387
 0.425293  -0.002450
 0.433107  -0.001517
 0.440937  -0.000590
 0.448783  0.000331
 0.456641  0.001245
 0.464509  0.002151
 0.472387  0.003048
 0.480272  0.003936
 0.488161  0.004813
 0.496053  0.005680
 0.503947  0.006535
 0.511839  0.007378
 0.519728  0.008207
 0.527613  0.009024
 0.535491  0.009826
 0.543359  0.010613
 0.551217  0.011384
 0.559063  0.012139
 0.566893  0.012877
 0.574707  0.013597
 0.582502  0.014299
 0.590277  0.014982
 0.598029  0.015646
 0.605757  0.016288
 0.613458  0.016910
 0.621131  0.017510
 0.628774  0.018087
 0.636385  0.018642
 0.643962  0.019173
 0.651503  0.019679
 0.659006  0.020161
 0.666469  0.020618
 0.673891  0.021049
 0.681270  0.021454
 0.688604  0.021833
 0.695890  0.022185
 0.703128  0.022510
 0.710315  0.022808
 0.717450  0.023079
 0.724530  0.023323
 0.731555  0.023539
 0.738522  0.023728
 0.745429  0.023890
 0.752275  0.024025
 0.759059  0.024133
 0.765777  0.024215
 0.772430  0.024269
 0.779014  0.024298
 0.785530  0.024301
 0.791974  0.024279
 0.798345  0.024231
 0.804642  0.024158
 0.810862  0.024061
 0.817006  0.023940
 0.823070  0.023796
 0.829054  0.023627
 0.834956  0.023436
 0.840775  0.023222
 0.846508  0.022986
 0.852155  0.022728
 0.857715  0.022448
 0.863185  0.022146
 0.868565  0.021824
 0.873852  0.021480
 0.879047  0.021116
 0.884147  0.020733
 0.889152  0.020329
 0.894059  0.019906
 0.898869  0.019464
 0.903579  0.019003
 0.908188  0.018524
 0.912695  0.018028
 0.917100  0.017515
 0.921401  0.016986
 0.925597  0.016442
 0.929686  0.015882
 0.933669  0.015310
 0.937544  0.014724
 0.941309  0.014128
 0.944964  0.013521
 0.948509  0.012905
 0.951942  0.012282
 0.955262  0.011654
 0.958469  0.011021
 0.961561  0.010386
 0.964539  0.009751
 0.967400  0.009118
 0.970146  0.008488
 0.972774  0.007864
 0.975284  0.007248
 0.977675  0.006643
 0.979948  0.006051
 0.982101  0.005473
 0.984134  0.004913
 0.986046  0.004373
 0.987838  0.003855
 0.989507  0.003361
 0.991055  0.002893
 0.992480  0.002454
 0.993782  0.002046
 0.994962  0.001671
 0.996018  0.001329
 0.996950  0.001024
 0.997759  0.000757
 0.998443  0.000528
 0.999003  0.000339
 0.999439  0.000191
 0.999751  0.000085
 0.999938  0.000021
 1.000000  0.000000
