e591_v07
 1.000000  0.000000
 0.999938  0.000034
 0.999751  0.000138
 0.999439  0.000309
 0.999003  0.000549
 0.998443  0.000855
 0.997759  0.001228
 0.996950  0.001666
 0.996018  0.002167
 0.994962  0.002731
 0.993782  0.003355
 0.992480  0.004038
 0.991055  0.004777
 0.989507  0.005571
 0.987838  0.006417
 0.986046  0.007313
 0.984134  0.008257
 0.982101  0.009246
 0.979948  0.010279
 0.977675  0.011351
 0.975284  0.012462
 0.972774  0.013608
 0.970146  0.014787
 0.967400  0.015998
 0.964539  0.017236
 0.961561  0.018502
 0.958469  0.019791
 0.955262  0.021103
 0.951942  0.022435
 0.948509  0.023785
 0.944964  0.025152
 0.941309  0.026535
 0.937544  0.027931
 0.933669  0.029340
 0.929686  0.030760
 0.925597  0.032190
 0.921401  0.033629
 0.917100  0.035077
 0.912695  0.036533
 0.908188  0.037995
 0.903579  0.039464
 0.898869  0.040938
 0.894059  0.042418
 0.889152  0.043903
 0.884147  0.045393
 0.879047  0.046887
 0.873852  0.048385
 0.868565  0.049887
 0.863185  0.051392
 0.857715  0.052901
 0.852155  0.054412
 0.846508  0.055926
 0.840775  0.057442
 0.834956  0.058960
 0.829054  0.060479
 0.823070  0.061998
 0.817006  0.063517
 0.810862  0.065036
 0.804642  0.066553
 0.798345  0.068067
 0.791974  0.069578
 0.785530  0.071085
 0.779014  0.072587
 0.772430  0.074081
 0.765777  0.075569
 0.759059  0.077047
 0.752275  0.078515
 0.745429  0.079972
 0.738522  0.081416
 0.731555  0.082845
 0.724530  0.084260
 0.717450  0.085658
 0.710315  0.087038
 0.703128  0.088399
 0.695890  0.089739
 0.688604  0.091058
 0.681270  0.092354
 0.673891  0.093627
 0.666469  0.094875
 0.659006  0.096097
 0.651503  0.097294
 0.643962  0.098464
 0.636385  0.099606
 0.628774  0.100721
 0.621131  0.101807
 0.613458  0.102865
 0.605757  0.103895
 0.598029  0.104896
 0.590277  0.105869
 0.582502  0.106814
 0.574707  0.107731
 0.566893  0.108620
 0.559063  0.109482
 0.551217  0.110318
 0.543359  0.111128
 0.535491  0.111913
 0.527613  0.112673
 0.519728  0.113409
 0.511839  0.114123
 0.503947  0.114813
 0.496053  0.115482
 0.488161  0.116130
 0.480272  0.116758
 0.472387  0.117366
 0.464509  0.117955
 0.456641  0.118525
 0.448783  0.119077
 0.440937  0.119610
 0.433107  0.120126
 0.425293  0.120625
 0.417498  0.121106
 0.409723  0.121569
 0.401971  0.122015
 0.394243  0.122442
 0.386542  0.122850
 0.378869  0.123239
 0.371226  0.123608
 0.363615  0.123956
 0.356038  0.124283
 0.348497  0.124586
 0.340994  0.124865
 0.333531  0.125119
 0.326109  0.125345
 0.318730  0.125543
 0.311396  0.125712
 0.304110  0.125848
 0.296872  0.125951
 0.289685  0.126018
 0.282550  0.126048
 0.275470  0.126039
 0.268445  0.125989
 0.261478  0.125896
 0.254571  0.125758
 0.247725  0.125572
 0.240941  0.125337
 0.234223  0.125052
 0.227570  0.124713
 0.220986  0.124320
 0.214470  0.123870
 0.208026  0.123361
 0.201655  0.122792
 0.195358  0.122162
 0.189138  0.121469
 0.182994  0.120711
 0.176930  0.119887
 0.170946  0.118996
 0.165044  0.118037
 0.159225  0.117009
 0.153492  0.115911
 0.147845  0.114743
 0.142285  0.113505
 0.136815  0.112195
 0.131435  0.110814
 0.126148  0.109361
 0.120953  0.107838
 0.115853  0.106244
 0.110848  0.104580
 0.105941  0.102847
 0.101131  0.101046
 0.096421  0.099178
 0.091812  0.097243
 0.087305  0.095245
 0.082900  0.093183
 0.078599  0.091061
 0.074403  0.088881
 0.070314  0.086643
 0.066331  0.084352
 0.062456  0.082010
 0.058691  0.079618
 0.055036  0.077181
 0.051491  0.074702
 0.048058  0.072182
 0.044738  0.069627
 0.041531  0.067039
 0.038439  0.064421
 0.035461  0.061778
 0.032600  0.059113
 0.029854  0.056430
 0.027226  0.053733
 0.024716  0.051025
 0.022325  0.048311
 0.020052  0.045594
 0.017899  0.042878
 0.015866  0.040166
 0.013954  0.037464
 0.012162  0.034773
 0.010493  0.032097
 0.008945  0.029441
 0.007520  0.026806
 0.006218  0.024197
 0.005038  0.021615
 0.003982  0.019065
 0.003050  0.016547
 0.002241  0.014064
 0.001557  0.011619
 0.000997  0.009213
 0.000561  0.006846
 0.000249  0.004522
 0.000062  0.002239
 0.000000  0.000000
 0.000062  -0.001398
 0.000249  -0.002751
 0.000561  -0.004060
 0.000997  -0.005323
 0.001557  -0.006541
 0.002241  -0.007714
 0.003050  -0.008843
 0.003982  -0.009927
 0.005038  -0.010968
 0.006218  -0.011967
 0.007520  -0.012925
 0.008945  -0.013843
 0.010493  -0.014722
 0.012162  -0.015565
 0.013954  -0.016373
 0.015866  -0.017147
 0.017899  -0.017889
 0.020052  -0.018602
 0.022325  -0.019286
 0.024716  -0.019943
 0.027226  -0.020576
 0.029854  -0.021184
 0.032600  -0.021771
 0.035461  -0.022337
 0.038439  -0.022883
 0.041531  -0.023410
 0.044738  -0.023920
 0.048058  -0.024413
 0.051491  -0.024889
 0.055036  -0.025349
 0.058691  -0.025793
 0.062456  -0.026221
 0.066331  -0.026633
 0.070314  -0.027029
 0.074403  -0.027407
 0.078599  -0.027768
 0.082900  -0.028111
 0.087305  -0.028434
 0.091812  -0.028736
 0.096421  -0.029017
 0.101131  -0.029275
 0.105941  -0.029508
 0.110848  -0.029716
 0.115853  -0.029897
 0.120953  -0.030049
 0.126148  -0.030171
 0.131435  -0.030262
 0.136815  -0.030321
 0.142285  -0.030345
 0.147845  -0.030334
 0.153492  -0.030287
 0.159225  -0.030203
 0.165044  -0.030080
 0.170946  -0.029919
 0.176930  -0.029718
 0.182994  -0.029477
 0.189138  -0.029196
 0.195358  -0.028875
 0.201655  -0.028513
 0.208026  -0.028111
 0.214470  -0.027670
 0.220986  -0.027190
 0.227570  -0.026671
 0.234223  -0.026115
 0.240941  -0.025522
 0.247725  -0.024894
 0.254571  -0.024233
 0.261478  -0.023538
 0.268445  -0.022813
 0.275470  -0.022058
 0.282550  -0.021276
 0.289685  -0.020467
 0.296872  -0.019634
 0.304110  -0.018779
 0.311396  -0.017903
 0.318730  -0.017009
 0.326109  -0.016097
 0.333531  -0.015171
 0.340994  -0.014232
 0.348497  -0.013281
 0.356038  -0.012321
 0.363615  -0.011352
 0.371226  -0.010378
 0.378869  -0.009398
 0.386542  -0.008416
 0.394243  -0.007431
 0.401971  -0.006446
 0.409723  -0.005462
 0.417498  -0.004480
 0.425293  -0.003501
 0.433107  -0.002527
 0.440937  -0.001557
 0.448783  -0.000594
 0.456641  0.000362
 0.464509  0.001309
 0.472387  0.002248
 0.480272  0.003178
 0.488161  0.004096
 0.496053  0.005004
 0.503947  0.005900
 0.511839  0.006783
 0.519728  0.007653
 0.527613  0.008509
 0.535491  0.009350
 0.543359  0.010176
 0.551217  0.010986
 0.559063  0.011779
 0.566893  0.012555
 0.574707  0.013313
 0.582502  0.014052
 0.590277  0.014772
 0.598029  0.015472
 0.605757  0.016150
 0.613458  0.016808
 0.621131  0.017443
 0.628774  0.018055
 0.636385  0.018644
 0.643962  0.019209
 0.651503  0.019750
 0.659006  0.020265
 0.666469  0.020755
 0.673891  0.021218
 0.681270  0.021656
 0.688604  0.022066
 0.695890  0.022450
 0.703128  0.022806
 0.710315  0.023134
 0.717450  0.023435
 0.724530  0.023708
 0.731555  0.023953
 0.738522  0.024171
 0.745429  0.024360
 0.752275  0.024522
 0.759059  0.024656
 0.765777  0.024763
 0.772430  0.024843
 0.779014  0.024896
 0.785530  0.024922
 0.791974  0.024922
 0.798345  0.024895
 0.804642  0.024843
 0.810862  0.024766
 0.817006  0.024663
 0.823070  0.024535
 0.829054  0.024382
 0.834956  0.024206
 0.840775  0.024005
 0.846508  0.023781
 0.852155  0.023533
 0.857715  0.023262
 0.863185  0.022967
 0.868565  0.022651
 0.873852  0.022312
 0.879047  0.021950
 0.884147  0.021567
 0.889152  0.021163
 0.894059  0.020737
 0.898869  0.020291
 0.903579  0.019824
 0.908188  0.019337
 0.912695  0.018831
 0.917100  0.018307
 0.921401  0.017764
 0.925597  0.017205
 0.929686  0.016629
 0.933669  0.016038
 0.937544  0.015433
 0.941309  0.014815
 0.944964  0.014185
 0.948509  0.013546
 0.951942  0.012897
 0.955262  0.012243
 0.958469  0.011583
 0.961561  0.010920
 0.964539  0.010255
 0.967400  0.009593
 0.970146  0.008933
 0.972774  0.008279
 0.975284  0.007633
 0.977675  0.006998
 0.979948  0.006375
 0.982101  0.005768
 0.984134  0.005179
 0.986046  0.004610
 0.987838  0.004065
 0.989507  0.003545
 0.991055  0.003052
 0.992480  0.002589
 0.993782  0.002159
 0.994962  0.001763
 0.996018  0.001403
 0.996950  0.001081
 0.997759  0.000799
 0.998443  0.000557
 0.999003  0.000358
 0.999439  0.000202
 0.999751  0.000090
 0.999938  0.000023
 1.000000  0.000000
