fx63137_v16
 1.000000  0.000156
 0.999938  0.000191
 0.999751  0.000298
 0.999439  0.000475
 0.999003  0.000722
 0.998443  0.001038
 0.997759  0.001421
 0.996950  0.001870
 0.996018  0.002382
 0.994962  0.002956
 0.993782  0.003590
 0.992480  0.004280
 0.991055  0.005025
 0.989507  0.005821
 0.987838  0.006665
 0.986046  0.007554
 0.984134  0.008486
 0.982101  0.009456
 0.979948  0.010463
 0.977675  0.011502
 0.975284  0.012572
 0.972774  0.013668
 0.970146  0.014789
 0.967400  0.015930
 0.964539  0.017091
 0.961561  0.018269
 0.958469  0.019461
 0.955262  0.020665
 0.951942  0.021880
 0.948509  0.023104
 0.944964  0.024335
 0.941309  0.025573
 0.937544  0.026817
 0.933669  0.028066
 0.929686  0.029319
 0.925597  0.030576
 0.921401  0.031838
 0.917100  0.033103
 0.912695  0.034373
 0.908188  0.035647
 0.903579  0.036925
 0.898869  0.038210
 0.894059  0.039500
 0.889152  0.040797
 0.884147  0.042102
 0.879047  0.043414
 0.873852  0.044735
 0.868565  0.046066
 0.863185  0.047406
 0.857715  0.048757
 0.852155  0.050119
 0.846508  0.051492
 0.840775  0.052877
 0.834956  0.054273
 0.829054  0.055681
 0.823070  0.057101
 0.817006  0.058532
 0.810862  0.059973
 0.804642  0.061425
 0.798345  0.062886
 0.791974  0.064356
 0.785530  0.065834
 0.779014  0.067318
 0.772430  0.068807
 0.765777  0.070300
 0.759059  0.071795
 0.752275  0.073291
 0.745429  0.074786
 0.738522  0.076279
 0.731555  0.077766
 0.724530  0.079247
 0.717450  0.080720
 0.710315  0.082183
 0.703128  0.083633
 0.695890  0.085069
 0.688604  0.086490
 0.681270  0.087892
 0.673891  0.089274
 0.666469  0.090635
 0.659006  0.091972
 0.651503  0.093284
 0.643962  0.094569
 0.636385  0.095825
 0.628774  0.097052
 0.621131  0.098248
 0.613458  0.099410
 0.605757  0.100539
 0.598029  0.101632
 0.590277  0.102689
 0.582502  0.103709
 0.574707  0.104691
 0.566893  0.105633
 0.559063  0.106536
 0.551217  0.107397
 0.543359  0.108218
 0.535491  0.108996
 0.527613  0.109732
 0.519728  0.110424
 0.511839  0.111074
 0.503947  0.111679
 0.496053  0.112241
 0.488161  0.112758
 0.480272  0.113231
 0.472387  0.113658
 0.464509  0.114041
 0.456641  0.114379
 0.448783  0.114672
 0.440937  0.114919
 0.433107  0.115122
 0.425293  0.115280
 0.417498  0.115393
 0.409723  0.115461
 0.401971  0.115484
 0.394243  0.115463
 0.386542  0.115399
 0.378869  0.115290
 0.371226  0.115138
 0.363615  0.114943
 0.356038  0.114706
 0.348497  0.114426
 0.340994  0.114105
 0.333531  0.113742
 0.326109  0.113339
 0.318730  0.112896
 0.311396  0.112414
 0.304110  0.111893
 0.296872  0.111334
 0.289685  0.110738
 0.282550  0.110105
 0.275470  0.109437
 0.268445  0.108733
 0.261478  0.107995
 0.254571  0.107223
 0.247725  0.106418
 0.240941  0.105581
 0.234223  0.104713
 0.227570  0.103814
 0.220986  0.102884
 0.214470  0.101926
 0.208026  0.100938
 0.201655  0.099922
 0.195358  0.098879
 0.189138  0.097809
 0.182994  0.096712
 0.176930  0.095589
 0.170946  0.094441
 0.165044  0.093268
 0.159225  0.092070
 0.153492  0.090848
 0.147845  0.089602
 0.142285  0.088333
 0.136815  0.087040
 0.131435  0.085724
 0.126148  0.084386
 0.120953  0.083025
 0.115853  0.081642
 0.110848  0.080237
 0.105941  0.078810
 0.101131  0.077362
 0.096421  0.075891
 0.091812  0.074400
 0.087305  0.072887
 0.082900  0.071353
 0.078599  0.069799
 0.074403  0.068223
 0.070314  0.066627
 0.066331  0.065009
 0.062456  0.063372
 0.058691  0.061714
 0.055036  0.060035
 0.051491  0.058336
 0.048058  0.056617
 0.044738  0.054877
 0.041531  0.053117
 0.038439  0.051336
 0.035461  0.049535
 0.032600  0.047714
 0.029854  0.045872
 0.027226  0.044009
 0.024716  0.042126
 0.022325  0.040222
 0.020052  0.038297
 0.017899  0.036351
 0.015866  0.034384
 0.013954  0.032396
 0.012162  0.030386
 0.010493  0.028355
 0.008945  0.026302
 0.007520  0.024227
 0.006218  0.022131
 0.005038  0.020013
 0.003982  0.017873
 0.003050  0.015711
 0.002241  0.013529
 0.001557  0.011325
 0.000997  0.009100
 0.000561  0.006854
 0.000249  0.004589
 0.000062  0.002304
 0.000000  -0.000000
 0.000062  -0.000745
 0.000249  -0.001506
 0.000561  -0.002279
 0.000997  -0.003062
 0.001557  -0.003853
 0.002241  -0.004647
 0.003050  -0.005444
 0.003982  -0.006238
 0.005038  -0.007029
 0.006218  -0.007814
 0.007520  -0.008589
 0.008945  -0.009353
 0.010493  -0.010103
 0.012162  -0.010837
 0.013954  -0.011554
 0.015866  -0.012251
 0.017899  -0.012927
 0.020052  -0.013581
 0.022325  -0.014211
 0.024716  -0.014817
 0.027226  -0.015398
 0.029854  -0.015954
 0.032600  -0.016483
 0.035461  -0.016986
 0.038439  -0.017463
 0.041531  -0.017914
 0.044738  -0.018339
 0.048058  -0.018739
 0.051491  -0.019114
 0.055036  -0.019465
 0.058691  -0.019793
 0.062456  -0.020097
 0.066331  -0.020380
 0.070314  -0.020642
 0.074403  -0.020883
 0.078599  -0.021105
 0.082900  -0.021308
 0.087305  -0.021494
 0.091812  -0.021662
 0.096421  -0.021813
 0.101131  -0.021948
 0.105941  -0.022068
 0.110848  -0.022172
 0.115853  -0.022262
 0.120953  -0.022336
 0.126148  -0.022396
 0.131435  -0.022441
 0.136815  -0.022472
 0.142285  -0.022487
 0.147845  -0.022487
 0.153492  -0.022471
 0.159225  -0.022438
 0.165044  -0.022389
 0.170946  -0.022322
 0.176930  -0.022237
 0.182994  -0.022134
 0.189138  -0.022010
 0.195358  -0.021867
 0.201655  -0.021702
 0.208026  -0.021515
 0.214470  -0.021305
 0.220986  -0.021071
 0.227570  -0.020814
 0.234223  -0.020531
 0.240941  -0.020222
 0.247725  -0.019888
 0.254571  -0.019526
 0.261478  -0.019137
 0.268445  -0.018720
 0.275470  -0.018275
 0.282550  -0.017802
 0.289685  -0.017301
 0.296872  -0.016770
 0.304110  -0.016212
 0.311396  -0.015624
 0.318730  -0.015009
 0.326109  -0.014365
 0.333531  -0.013694
 0.340994  -0.012995
 0.348497  -0.012270
 0.356038  -0.011519
 0.363615  -0.010743
 0.371226  -0.009943
 0.378869  -0.009119
 0.386542  -0.008273
 0.394243  -0.007405
 0.401971  -0.006517
 0.409723  -0.005609
 0.417498  -0.004685
 0.425293  -0.003743
 0.433107  -0.002787
 0.440937  -0.001817
 0.448783  -0.000836
 0.456641  0.000156
 0.464509  0.001157
 0.472387  0.002165
 0.480272  0.003177
 0.488161  0.004193
 0.496053  0.005211
 0.503947  0.006228
 0.511839  0.007243
 0.519728  0.008254
 0.527613  0.009259
 0.535491  0.010256
 0.543359  0.011243
 0.551217  0.012218
 0.559063  0.013179
 0.566893  0.014124
 0.574707  0.015052
 0.582502  0.015961
 0.590277  0.016848
 0.598029  0.017713
 0.605757  0.018553
 0.613458  0.019367
 0.621131  0.020154
 0.628774  0.020911
 0.636385  0.021638
 0.643962  0.022334
 0.651503  0.022997
 0.659006  0.023627
 0.666469  0.024222
 0.673891  0.024783
 0.681270  0.025307
 0.688604  0.025795
 0.695890  0.026246
 0.703128  0.026661
 0.710315  0.027038
 0.717450  0.027378
 0.724530  0.027681
 0.731555  0.027947
 0.738522  0.028177
 0.745429  0.028370
 0.752275  0.028528
 0.759059  0.028650
 0.765777  0.028738
 0.772430  0.028792
 0.779014  0.028812
 0.785530  0.028800
 0.791974  0.028756
 0.798345  0.028680
 0.804642  0.028575
 0.810862  0.028439
 0.817006  0.028275
 0.823070  0.028083
 0.829054  0.027863
 0.834956  0.027616
 0.840775  0.027343
 0.846508  0.027045
 0.852155  0.026722
 0.857715  0.026374
 0.863185  0.026002
 0.868565  0.025607
 0.873852  0.025189
 0.879047  0.024748
 0.884147  0.024285
 0.889152  0.023800
 0.894059  0.023294
 0.898869  0.022767
 0.903579  0.022220
 0.908188  0.021652
 0.912695  0.021066
 0.917100  0.020460
 0.921401  0.019837
 0.925597  0.019196
 0.929686  0.018539
 0.933669  0.017866
 0.937544  0.017180
 0.941309  0.016480
 0.944964  0.015769
 0.948509  0.015047
 0.951942  0.014317
 0.955262  0.013580
 0.958469  0.012838
 0.961561  0.012093
 0.964539  0.011348
 0.967400  0.010604
 0.970146  0.009865
 0.972774  0.009131
 0.975284  0.008407
 0.977675  0.007695
 0.979948  0.006997
 0.982101  0.006317
 0.984134  0.005657
 0.986046  0.005019
 0.987838  0.004407
 0.989507  0.003824
 0.991055  0.003271
 0.992480  0.002752
 0.993782  0.002269
 0.994962  0.001824
 0.996018  0.001420
 0.996950  0.001059
 0.997759  0.000742
 0.998443  0.000470
 0.999003  0.000247
 0.999439  0.000071
 0.999751  -0.000055
 0.999938  -0.000130
 1.000000  -0.000156
