goe29b_v17
 1.000000  0.001372
 0.999938  0.001388
 0.999751  0.001435
 0.999439  0.001513
 0.999003  0.001623
 0.998443  0.001763
 0.997759  0.001933
 0.996950  0.002133
 0.996018  0.002362
 0.994962  0.002619
 0.993782  0.002903
 0.992480  0.003215
 0.991055  0.003551
 0.989507  0.003913
 0.987838  0.004299
 0.986046  0.004708
 0.984134  0.005139
 0.982101  0.005592
 0.979948  0.006066
 0.977675  0.006560
 0.975284  0.007074
 0.972774  0.007607
 0.970146  0.008160
 0.967400  0.008730
 0.964539  0.009319
 0.961561  0.009926
 0.958469  0.010552
 0.955262  0.011195
 0.951942  0.011857
 0.948509  0.012538
 0.944964  0.013238
 0.941309  0.013957
 0.937544  0.014695
 0.933669  0.015454
 0.929686  0.016233
 0.925597  0.017033
 0.921401  0.017855
 0.917100  0.018698
 0.912695  0.019564
 0.908188  0.020451
 0.903579  0.021362
 0.898869  0.022295
 0.894059  0.023251
 0.889152  0.024230
 0.884147  0.025232
 0.879047  0.026256
 0.873852  0.027302
 0.868565  0.028370
 0.863185  0.029459
 0.857715  0.030569
 0.852155  0.031698
 0.846508  0.032847
 0.840775  0.034013
 0.834956  0.035197
 0.829054  0.036397
 0.823070  0.037612
 0.817006  0.038842
 0.810862  0.040085
 0.804642  0.041340
 0.798345  0.042606
 0.791974  0.043882
 0.785530  0.045168
 0.779014  0.046463
 0.772430  0.047766
 0.765777  0.049076
 0.759059  0.050392
 0.752275  0.051715
 0.745429  0.053044
 0.738522  0.054379
 0.731555  0.055720
 0.724530  0.057066
 0.717450  0.058418
 0.710315  0.059775
 0.703128  0.061139
 0.695890  0.062508
 0.688604  0.063884
 0.681270  0.065267
 0.673891  0.066656
 0.666469  0.068053
 0.659006  0.069456
 0.651503  0.070866
 0.643962  0.072284
 0.636385  0.073708
 0.628774  0.075138
 0.621131  0.076574
 0.613458  0.078016
 0.605757  0.079461
 0.598029  0.080909
 0.590277  0.082359
 0.582502  0.083809
 0.574707  0.085256
 0.566893  0.086699
 0.559063  0.088136
 0.551217  0.089564
 0.543359  0.090979
 0.535491  0.092380
 0.527613  0.093762
 0.519728  0.095123
 0.511839  0.096458
 0.503947  0.097765
 0.496053  0.099040
 0.488161  0.100278
 0.480272  0.101477
 0.472387  0.102632
 0.464509  0.103740
 0.456641  0.104798
 0.448783  0.105801
 0.440937  0.106748
 0.433107  0.107634
 0.425293  0.108458
 0.417498  0.109216
 0.409723  0.109907
 0.401971  0.110528
 0.394243  0.111079
 0.386542  0.111557
 0.378869  0.111963
 0.371226  0.112296
 0.363615  0.112556
 0.356038  0.112743
 0.348497  0.112858
 0.340994  0.112901
 0.333531  0.112875
 0.326109  0.112781
 0.318730  0.112621
 0.311396  0.112397
 0.304110  0.112111
 0.296872  0.111765
 0.289685  0.111364
 0.282550  0.110908
 0.275470  0.110402
 0.268445  0.109847
 0.261478  0.109247
 0.254571  0.108604
 0.247725  0.107921
 0.240941  0.107201
 0.234223  0.106444
 0.227570  0.105655
 0.220986  0.104833
 0.214470  0.103981
 0.208026  0.103100
 0.201655  0.102190
 0.195358  0.101253
 0.189138  0.100288
 0.182994  0.099296
 0.176930  0.098277
 0.170946  0.097229
 0.165044  0.096151
 0.159225  0.095043
 0.153492  0.093904
 0.147845  0.092731
 0.142285  0.091524
 0.136815  0.090279
 0.131435  0.088997
 0.126148  0.087674
 0.120953  0.086308
 0.115853  0.084899
 0.110848  0.083444
 0.105941  0.081942
 0.101131  0.080391
 0.096421  0.078791
 0.091812  0.077140
 0.087305  0.075439
 0.082900  0.073687
 0.078599  0.071883
 0.074403  0.070030
 0.070314  0.068127
 0.066331  0.066177
 0.062456  0.064181
 0.058691  0.062140
 0.055036  0.060059
 0.051491  0.057940
 0.048058  0.055786
 0.044738  0.053601
 0.041531  0.051390
 0.038439  0.049156
 0.035461  0.046905
 0.032600  0.044641
 0.029854  0.042370
 0.027226  0.040096
 0.024716  0.037825
 0.022325  0.035562
 0.020052  0.033313
 0.017899  0.031082
 0.015866  0.028876
 0.013954  0.026699
 0.012162  0.024555
 0.010493  0.022450
 0.008945  0.020387
 0.007520  0.018371
 0.006218  0.016406
 0.005038  0.014493
 0.003982  0.012637
 0.003050  0.010840
 0.002241  0.009103
 0.001557  0.007428
 0.000997  0.005815
 0.000561  0.004267
 0.000249  0.002782
 0.000062  0.001360
 0.000000  0.000000
 0.000062  -0.002033
 0.000249  -0.003999
 0.000561  -0.005890
 0.000997  -0.007700
 0.001557  -0.009425
 0.002241  -0.011058
 0.003050  -0.012595
 0.003982  -0.014032
 0.005038  -0.015366
 0.006218  -0.016594
 0.007520  -0.017713
 0.008945  -0.018722
 0.010493  -0.019619
 0.012162  -0.020404
 0.013954  -0.021077
 0.015866  -0.021638
 0.017899  -0.022088
 0.020052  -0.022429
 0.022325  -0.022662
 0.024716  -0.022791
 0.027226  -0.022816
 0.029854  -0.022743
 0.032600  -0.022574
 0.035461  -0.022313
 0.038439  -0.021964
 0.041531  -0.021532
 0.044738  -0.021021
 0.048058  -0.020436
 0.051491  -0.019782
 0.055036  -0.019063
 0.058691  -0.018285
 0.062456  -0.017453
 0.066331  -0.016572
 0.070314  -0.015648
 0.074403  -0.014684
 0.078599  -0.013687
 0.082900  -0.012661
 0.087305  -0.011610
 0.091812  -0.010541
 0.096421  -0.009456
 0.101131  -0.008360
 0.105941  -0.007258
 0.110848  -0.006153
 0.115853  -0.005049
 0.120953  -0.003949
 0.126148  -0.002857
 0.131435  -0.001775
 0.136815  -0.000707
 0.142285  0.000345
 0.147845  0.001379
 0.153492  0.002393
 0.159225  0.003384
 0.165044  0.004351
 0.170946  0.005294
 0.176930  0.006209
 0.182994  0.007097
 0.189138  0.007956
 0.195358  0.008787
 0.201655  0.009587
 0.208026  0.010357
 0.214470  0.011097
 0.220986  0.011806
 0.227570  0.012485
 0.234223  0.013133
 0.240941  0.013751
 0.247725  0.014339
 0.254571  0.014897
 0.261478  0.015426
 0.268445  0.015926
 0.275470  0.016398
 0.282550  0.016841
 0.289685  0.017258
 0.296872  0.017648
 0.304110  0.018012
 0.311396  0.018351
 0.318730  0.018665
 0.326109  0.018954
 0.333531  0.019221
 0.340994  0.019464
 0.348497  0.019686
 0.356038  0.019886
 0.363615  0.020066
 0.371226  0.020225
 0.378869  0.020364
 0.386542  0.020485
 0.394243  0.020588
 0.401971  0.020672
 0.409723  0.020740
 0.417498  0.020791
 0.425293  0.020827
 0.433107  0.020847
 0.440937  0.020852
 0.448783  0.020843
 0.456641  0.020820
 0.464509  0.020784
 0.472387  0.020735
 0.480272  0.020674
 0.488161  0.020601
 0.496053  0.020517
 0.503947  0.020423
 0.511839  0.020317
 0.519728  0.020203
 0.527613  0.020078
 0.535491  0.019945
 0.543359  0.019803
 0.551217  0.019652
 0.559063  0.019494
 0.566893  0.019327
 0.574707  0.019154
 0.582502  0.018973
 0.590277  0.018786
 0.598029  0.018592
 0.605757  0.018391
 0.613458  0.018185
 0.621131  0.017972
 0.628774  0.017753
 0.636385  0.017529
 0.643962  0.017299
 0.651503  0.017063
 0.659006  0.016822
 0.666469  0.016575
 0.673891  0.016323
 0.681270  0.016065
 0.688604  0.015802
 0.695890  0.015534
 0.703128  0.015260
 0.710315  0.014981
 0.717450  0.014697
 0.724530  0.014407
 0.731555  0.014112
 0.738522  0.013812
 0.745429  0.013507
 0.752275  0.013197
 0.759059  0.012881
 0.765777  0.012561
 0.772430  0.012236
 0.779014  0.011907
 0.785530  0.011573
 0.791974  0.011235
 0.798345  0.010893
 0.804642  0.010548
 0.810862  0.010200
 0.817006  0.009848
 0.823070  0.009495
 0.829054  0.009139
 0.834956  0.008782
 0.840775  0.008424
 0.846508  0.008066
 0.852155  0.007707
 0.857715  0.007350
 0.863185  0.006993
 0.868565  0.006639
 0.873852  0.006286
 0.879047  0.005937
 0.884147  0.005592
 0.889152  0.005251
 0.894059  0.004915
 0.898869  0.004584
 0.903579  0.004260
 0.908188  0.003942
 0.912695  0.003632
 0.917100  0.003330
 0.921401  0.003035
 0.925597  0.002750
 0.929686  0.002473
 0.933669  0.002206
 0.937544  0.001949
 0.941309  0.001703
 0.944964  0.001466
 0.948509  0.001240
 0.951942  0.001025
 0.955262  0.000820
 0.958469  0.000626
 0.961561  0.000443
 0.964539  0.000271
 0.967400  0.000109
 0.970146  -0.000042
 0.972774  -0.000184
 0.975284  -0.000315
 0.977675  -0.000437
 0.979948  -0.000549
 0.982101  -0.000652
 0.984134  -0.000746
 0.986046  -0.000833
 0.987838  -0.000911
 0.989507  -0.000982
 0.991055  -0.001045
 0.992480  -0.001102
 0.993782  -0.001152
 0.994962  -0.001197
 0.996018  -0.001235
 0.996950  -0.001269
 0.997759  -0.001297
 0.998443  -0.001320
 0.999003  -0.001339
 0.999439  -0.001354
 0.999751  -0.001364
 0.999938  -0.001370
 1.000000  -0.001372
