goe63_v19
 1.000000  0.003512
 0.999938  0.003528
 0.999751  0.003574
 0.999439  0.003651
 0.999003  0.003759
 0.998443  0.003898
 0.997759  0.004068
 0.996950  0.004268
 0.996018  0.004500
 0.994962  0.004762
 0.993782  0.005055
 0.992480  0.005378
 0.991055  0.005732
 0.989507  0.006116
 0.987838  0.006529
 0.986046  0.006973
 0.984134  0.007446
 0.982101  0.007948
 0.979948  0.008478
 0.977675  0.009037
 0.975284  0.009623
 0.972774  0.010235
 0.970146  0.010874
 0.967400  0.011538
 0.964539  0.012226
 0.961561  0.012938
 0.958469  0.013672
 0.955262  0.014428
 0.951942  0.015204
 0.948509  0.016000
 0.944964  0.016814
 0.941309  0.017646
 0.937544  0.018495
 0.933669  0.019358
 0.929686  0.020236
 0.925597  0.021128
 0.921401  0.022032
 0.917100  0.022948
 0.912695  0.023876
 0.908188  0.024813
 0.903579  0.025760
 0.898869  0.026717
 0.894059  0.027683
 0.889152  0.028657
 0.884147  0.029640
 0.879047  0.030632
 0.873852  0.031632
 0.868565  0.032641
 0.863185  0.033660
 0.857715  0.034687
 0.852155  0.035725
 0.846508  0.036773
 0.840775  0.037831
 0.834956  0.038902
 0.829054  0.039985
 0.823070  0.041080
 0.817006  0.042189
 0.810862  0.043313
 0.804642  0.044451
 0.798345  0.045605
 0.791974  0.046775
 0.785530  0.047961
 0.779014  0.049164
 0.772430  0.050384
 0.765777  0.051621
 0.759059  0.052875
 0.752275  0.054146
 0.745429  0.055434
 0.738522  0.056738
 0.731555  0.058058
 0.724530  0.059392
 0.717450  0.060741
 0.710315  0.062102
 0.703128  0.063475
 0.695890  0.064858
 0.688604  0.066250
 0.681270  0.067649
 0.673891  0.069053
 0.666469  0.070460
 0.659006  0.071869
 0.651503  0.073278
 0.643962  0.074683
 0.636385  0.076084
 0.628774  0.077478
 0.621131  0.078863
 0.613458  0.080237
 0.605757  0.081597
 0.598029  0.082942
 0.590277  0.084270
 0.582502  0.085578
 0.574707  0.086865
 0.566893  0.088129
 0.559063  0.089368
 0.551217  0.090580
 0.543359  0.091765
 0.535491  0.092921
 0.527613  0.094047
 0.519728  0.095141
 0.511839  0.096203
 0.503947  0.097231
 0.496053  0.098225
 0.488161  0.099185
 0.480272  0.100109
 0.472387  0.100997
 0.464509  0.101850
 0.456641  0.102665
 0.448783  0.103444
 0.440937  0.104185
 0.433107  0.104890
 0.425293  0.105556
 0.417498  0.106185
 0.409723  0.106776
 0.401971  0.107329
 0.394243  0.107844
 0.386542  0.108320
 0.378869  0.108757
 0.371226  0.109156
 0.363615  0.109515
 0.356038  0.109834
 0.348497  0.110114
 0.340994  0.110353
 0.333531  0.110551
 0.326109  0.110707
 0.318730  0.110822
 0.311396  0.110894
 0.304110  0.110923
 0.296872  0.110909
 0.289685  0.110850
 0.282550  0.110747
 0.275470  0.110598
 0.268445  0.110404
 0.261478  0.110163
 0.254571  0.109875
 0.247725  0.109540
 0.240941  0.109156
 0.234223  0.108725
 0.227570  0.108245
 0.220986  0.107716
 0.214470  0.107138
 0.208026  0.106510
 0.201655  0.105833
 0.195358  0.105106
 0.189138  0.104329
 0.182994  0.103501
 0.176930  0.102624
 0.170946  0.101697
 0.165044  0.100719
 0.159225  0.099692
 0.153492  0.098615
 0.147845  0.097487
 0.142285  0.096310
 0.136815  0.095083
 0.131435  0.093807
 0.126148  0.092481
 0.120953  0.091105
 0.115853  0.089680
 0.110848  0.088206
 0.105941  0.086683
 0.101131  0.085111
 0.096421  0.083491
 0.091812  0.081822
 0.087305  0.080105
 0.082900  0.078341
 0.078599  0.076530
 0.074403  0.074672
 0.070314  0.072769
 0.066331  0.070821
 0.062456  0.068829
 0.058691  0.066795
 0.055036  0.064719
 0.051491  0.062604
 0.048058  0.060452
 0.044738  0.058264
 0.041531  0.056043
 0.038439  0.053791
 0.035461  0.051512
 0.032600  0.049209
 0.029854  0.046884
 0.027226  0.044543
 0.024716  0.042188
 0.022325  0.039824
 0.020052  0.037456
 0.017899  0.035088
 0.015866  0.032725
 0.013954  0.030373
 0.012162  0.028037
 0.010493  0.025722
 0.008945  0.023434
 0.007520  0.021178
 0.006218  0.018960
 0.005038  0.016785
 0.003982  0.014660
 0.003050  0.012589
 0.002241  0.010577
 0.001557  0.008629
 0.000997  0.006750
 0.000561  0.004944
 0.000249  0.003215
 0.000062  0.001566
 0.000000  0.000000
 0.000062  -0.001760
 0.000249  -0.003429
 0.000561  -0.005001
 0.000997  -0.006470
 0.001557  -0.007832
 0.002241  -0.009083
 0.003050  -0.010220
 0.003982  -0.011240
 0.005038  -0.012142
 0.006218  -0.012924
 0.007520  -0.013586
 0.008945  -0.014129
 0.010493  -0.014554
 0.012162  -0.014862
 0.013954  -0.015056
 0.015866  -0.015139
 0.017899  -0.015115
 0.020052  -0.014987
 0.022325  -0.014761
 0.024716  -0.014441
 0.027226  -0.014033
 0.029854  -0.013543
 0.032600  -0.012976
 0.035461  -0.012339
 0.038439  -0.011637
 0.041531  -0.010878
 0.044738  -0.010068
 0.048058  -0.009213
 0.051491  -0.008319
 0.055036  -0.007392
 0.058691  -0.006439
 0.062456  -0.005464
 0.066331  -0.004474
 0.070314  -0.003474
 0.074403  -0.002467
 0.078599  -0.001459
 0.082900  -0.000453
 0.087305  0.000546
 0.091812  0.001537
 0.096421  0.002515
 0.101131  0.003479
 0.105941  0.004426
 0.110848  0.005355
 0.115853  0.006265
 0.120953  0.007154
 0.126148  0.008023
 0.131435  0.008871
 0.136815  0.009697
 0.142285  0.010503
 0.147845  0.011288
 0.153492  0.012054
 0.159225  0.012800
 0.165044  0.013527
 0.170946  0.014238
 0.176930  0.014931
 0.182994  0.015609
 0.189138  0.016272
 0.195358  0.016921
 0.201655  0.017557
 0.208026  0.018181
 0.214470  0.018792
 0.220986  0.019392
 0.227570  0.019980
 0.234223  0.020557
 0.240941  0.021123
 0.247725  0.021678
 0.254571  0.022220
 0.261478  0.022751
 0.268445  0.023268
 0.275470  0.023772
 0.282550  0.024261
 0.289685  0.024735
 0.296872  0.025192
 0.304110  0.025632
 0.311396  0.026052
 0.318730  0.026454
 0.326109  0.026834
 0.333531  0.027191
 0.340994  0.027526
 0.348497  0.027836
 0.356038  0.028121
 0.363615  0.028380
 0.371226  0.028612
 0.378869  0.028816
 0.386542  0.028991
 0.394243  0.029139
 0.401971  0.029257
 0.409723  0.029346
 0.417498  0.029406
 0.425293  0.029438
 0.433107  0.029440
 0.440937  0.029414
 0.448783  0.029361
 0.456641  0.029280
 0.464509  0.029172
 0.472387  0.029039
 0.480272  0.028882
 0.488161  0.028700
 0.496053  0.028495
 0.503947  0.028269
 0.511839  0.028022
 0.519728  0.027755
 0.527613  0.027469
 0.535491  0.027166
 0.543359  0.026846
 0.551217  0.026511
 0.559063  0.026161
 0.566893  0.025797
 0.574707  0.025421
 0.582502  0.025032
 0.590277  0.024632
 0.598029  0.024221
 0.605757  0.023800
 0.613458  0.023370
 0.621131  0.022931
 0.628774  0.022484
 0.636385  0.022029
 0.643962  0.021567
 0.651503  0.021097
 0.659006  0.020621
 0.666469  0.020139
 0.673891  0.019652
 0.681270  0.019159
 0.688604  0.018661
 0.695890  0.018159
 0.703128  0.017654
 0.710315  0.017145
 0.717450  0.016635
 0.724530  0.016122
 0.731555  0.015608
 0.738522  0.015094
 0.745429  0.014581
 0.752275  0.014069
 0.759059  0.013559
 0.765777  0.013053
 0.772430  0.012550
 0.779014  0.012053
 0.785530  0.011562
 0.791974  0.011077
 0.798345  0.010601
 0.804642  0.010133
 0.810862  0.009675
 0.817006  0.009226
 0.823070  0.008789
 0.829054  0.008364
 0.834956  0.007951
 0.840775  0.007550
 0.846508  0.007162
 0.852155  0.006787
 0.857715  0.006426
 0.863185  0.006078
 0.868565  0.005743
 0.873852  0.005421
 0.879047  0.005111
 0.884147  0.004814
 0.889152  0.004528
 0.894059  0.004253
 0.898869  0.003988
 0.903579  0.003732
 0.908188  0.003485
 0.912695  0.003245
 0.917100  0.003012
 0.921401  0.002785
 0.925597  0.002562
 0.929686  0.002343
 0.933669  0.002127
 0.937544  0.001913
 0.941309  0.001700
 0.944964  0.001488
 0.948509  0.001276
 0.951942  0.001063
 0.955262  0.000850
 0.958469  0.000635
 0.961561  0.000419
 0.964539  0.000202
 0.967400  -0.000016
 0.970146  -0.000235
 0.972774  -0.000455
 0.975284  -0.000674
 0.977675  -0.000892
 0.979948  -0.001109
 0.982101  -0.001323
 0.984134  -0.001533
 0.986046  -0.001739
 0.987838  -0.001939
 0.989507  -0.002132
 0.991055  -0.002317
 0.992480  -0.002493
 0.993782  -0.002658
 0.994962  -0.002812
 0.996018  -0.002952
 0.996950  -0.003079
 0.997759  -0.003191
 0.998443  -0.003288
 0.999003  -0.003368
 0.999439  -0.003431
 0.999751  -0.003476
 0.999938  -0.003503
 1.000000  -0.003512
