goe803h_v05
 1.000000  0.001599
 0.999938  0.001616
 0.999751  0.001667
 0.999439  0.001751
 0.999003  0.001869
 0.998443  0.002020
 0.997759  0.002204
 0.996950  0.002420
 0.996018  0.002669
 0.994962  0.002949
 0.993782  0.003261
 0.992480  0.003603
 0.991055  0.003975
 0.989507  0.004377
 0.987838  0.004807
 0.986046  0.005265
 0.984134  0.005750
 0.982101  0.006261
 0.979948  0.006798
 0.977675  0.007359
 0.975284  0.007944
 0.972774  0.008552
 0.970146  0.009182
 0.967400  0.009833
 0.964539  0.010505
 0.961561  0.011196
 0.958469  0.011907
 0.955262  0.012635
 0.951942  0.013380
 0.948509  0.014142
 0.944964  0.014921
 0.941309  0.015714
 0.937544  0.016523
 0.933669  0.017346
 0.929686  0.018183
 0.925597  0.019034
 0.921401  0.019898
 0.917100  0.020775
 0.912695  0.021665
 0.908188  0.022568
 0.903579  0.023484
 0.898869  0.024412
 0.894059  0.025353
 0.889152  0.026307
 0.884147  0.027274
 0.879047  0.028253
 0.873852  0.029246
 0.868565  0.030252
 0.863185  0.031271
 0.857715  0.032304
 0.852155  0.033351
 0.846508  0.034411
 0.840775  0.035485
 0.834956  0.036573
 0.829054  0.037675
 0.823070  0.038791
 0.817006  0.039921
 0.810862  0.041064
 0.804642  0.042220
 0.798345  0.043390
 0.791974  0.044571
 0.785530  0.045765
 0.779014  0.046969
 0.772430  0.048184
 0.765777  0.049409
 0.759059  0.050642
 0.752275  0.051882
 0.745429  0.053129
 0.738522  0.054380
 0.731555  0.055636
 0.724530  0.056893
 0.717450  0.058151
 0.710315  0.059408
 0.703128  0.060662
 0.695890  0.061912
 0.688604  0.063155
 0.681270  0.064390
 0.673891  0.065616
 0.666469  0.066830
 0.659006  0.068030
 0.651503  0.069215
 0.643962  0.070382
 0.636385  0.071531
 0.628774  0.072658
 0.621131  0.073764
 0.613458  0.074845
 0.605757  0.075901
 0.598029  0.076930
 0.590277  0.077931
 0.582502  0.078902
 0.574707  0.079843
 0.566893  0.080752
 0.559063  0.081628
 0.551217  0.082471
 0.543359  0.083280
 0.535491  0.084055
 0.527613  0.084794
 0.519728  0.085498
 0.511839  0.086167
 0.503947  0.086799
 0.496053  0.087395
 0.488161  0.087956
 0.480272  0.088481
 0.472387  0.088969
 0.464509  0.089423
 0.456641  0.089841
 0.448783  0.090224
 0.440937  0.090572
 0.433107  0.090886
 0.425293  0.091165
 0.417498  0.091411
 0.409723  0.091623
 0.401971  0.091803
 0.394243  0.091949
 0.386542  0.092063
 0.378869  0.092144
 0.371226  0.092193
 0.363615  0.092210
 0.356038  0.092196
 0.348497  0.092149
 0.340994  0.092070
 0.333531  0.091960
 0.326109  0.091817
 0.318730  0.091643
 0.311396  0.091436
 0.304110  0.091197
 0.296872  0.090926
 0.289685  0.090621
 0.282550  0.090284
 0.275470  0.089914
 0.268445  0.089510
 0.261478  0.089072
 0.254571  0.088600
 0.247725  0.088095
 0.240941  0.087554
 0.234223  0.086979
 0.227570  0.086369
 0.220986  0.085725
 0.214470  0.085045
 0.208026  0.084330
 0.201655  0.083580
 0.195358  0.082794
 0.189138  0.081974
 0.182994  0.081118
 0.176930  0.080228
 0.170946  0.079302
 0.165044  0.078343
 0.159225  0.077348
 0.153492  0.076320
 0.147845  0.075258
 0.142285  0.074163
 0.136815  0.073035
 0.131435  0.071875
 0.126148  0.070683
 0.120953  0.069460
 0.115853  0.068205
 0.110848  0.066921
 0.105941  0.065607
 0.101131  0.064264
 0.096421  0.062894
 0.091812  0.061495
 0.087305  0.060071
 0.082900  0.058620
 0.078599  0.057145
 0.074403  0.055646
 0.070314  0.054125
 0.066331  0.052581
 0.062456  0.051017
 0.058691  0.049433
 0.055036  0.047831
 0.051491  0.046212
 0.048058  0.044577
 0.044738  0.042928
 0.041531  0.041267
 0.038439  0.039594
 0.035461  0.037913
 0.032600  0.036223
 0.029854  0.034528
 0.027226  0.032830
 0.024716  0.031129
 0.022325  0.029429
 0.020052  0.027731
 0.017899  0.026038
 0.015866  0.024351
 0.013954  0.022673
 0.012162  0.021007
 0.010493  0.019353
 0.008945  0.017715
 0.007520  0.016096
 0.006218  0.014496
 0.005038  0.012918
 0.003982  0.011364
 0.003050  0.009836
 0.002241  0.008335
 0.001557  0.006865
 0.000997  0.005425
 0.000561  0.004018
 0.000249  0.002644
 0.000062  0.001304
 0.000000  0.000000
 0.000062  -0.001243
 0.000249  -0.002443
 0.000561  -0.003592
 0.000997  -0.004684
 0.001557  -0.005712
 0.002241  -0.006670
 0.003050  -0.007553
 0.003982  -0.008356
 0.005038  -0.009073
 0.006218  -0.009703
 0.007520  -0.010241
 0.008945  -0.010685
 0.010493  -0.011034
 0.012162  -0.011287
 0.013954  -0.011443
 0.015866  -0.011504
 0.017899  -0.011470
 0.020052  -0.011343
 0.022325  -0.011126
 0.024716  -0.010822
 0.027226  -0.010433
 0.029854  -0.009964
 0.032600  -0.009420
 0.035461  -0.008805
 0.038439  -0.008123
 0.041531  -0.007380
 0.044738  -0.006582
 0.048058  -0.005734
 0.051491  -0.004841
 0.055036  -0.003909
 0.058691  -0.002943
 0.062456  -0.001947
 0.066331  -0.000928
 0.070314  0.000110
 0.074403  0.001163
 0.078599  0.002227
 0.082900  0.003297
 0.087305  0.004371
 0.091812  0.005446
 0.096421  0.006519
 0.101131  0.007587
 0.105941  0.008650
 0.110848  0.009705
 0.115853  0.010752
 0.120953  0.011789
 0.126148  0.012818
 0.131435  0.013836
 0.136815  0.014846
 0.142285  0.015847
 0.147845  0.016840
 0.153492  0.017825
 0.159225  0.018804
 0.165044  0.019778
 0.170946  0.020747
 0.176930  0.021712
 0.182994  0.022675
 0.189138  0.023636
 0.195358  0.024596
 0.201655  0.025555
 0.208026  0.026514
 0.214470  0.027473
 0.220986  0.028432
 0.227570  0.029391
 0.234223  0.030348
 0.240941  0.031304
 0.247725  0.032258
 0.254571  0.033208
 0.261478  0.034152
 0.268445  0.035091
 0.275470  0.036020
 0.282550  0.036940
 0.289685  0.037847
 0.296872  0.038740
 0.304110  0.039617
 0.311396  0.040475
 0.318730  0.041312
 0.326109  0.042126
 0.333531  0.042915
 0.340994  0.043677
 0.348497  0.044410
 0.356038  0.045112
 0.363615  0.045783
 0.371226  0.046419
 0.378869  0.047021
 0.386542  0.047586
 0.394243  0.048115
 0.401971  0.048607
 0.409723  0.049061
 0.417498  0.049477
 0.425293  0.049856
 0.433107  0.050197
 0.440937  0.050501
 0.448783  0.050769
 0.456641  0.051001
 0.464509  0.051198
 0.472387  0.051362
 0.480272  0.051493
 0.488161  0.051593
 0.496053  0.051662
 0.503947  0.051701
 0.511839  0.051713
 0.519728  0.051697
 0.527613  0.051656
 0.535491  0.051589
 0.543359  0.051498
 0.551217  0.051383
 0.559063  0.051245
 0.566893  0.051085
 0.574707  0.050902
 0.582502  0.050698
 0.590277  0.050471
 0.598029  0.050222
 0.605757  0.049950
 0.613458  0.049656
 0.621131  0.049338
 0.628774  0.048997
 0.636385  0.048632
 0.643962  0.048241
 0.651503  0.047825
 0.659006  0.047383
 0.666469  0.046913
 0.673891  0.046417
 0.681270  0.045892
 0.688604  0.045340
 0.695890  0.044759
 0.703128  0.044149
 0.710315  0.043510
 0.717450  0.042843
 0.724530  0.042148
 0.731555  0.041426
 0.738522  0.040676
 0.745429  0.039901
 0.752275  0.039101
 0.759059  0.038277
 0.765777  0.037432
 0.772430  0.036566
 0.779014  0.035682
 0.785530  0.034782
 0.791974  0.033867
 0.798345  0.032940
 0.804642  0.032003
 0.810862  0.031058
 0.817006  0.030108
 0.823070  0.029155
 0.829054  0.028202
 0.834956  0.027250
 0.840775  0.026302
 0.846508  0.025360
 0.852155  0.024426
 0.857715  0.023501
 0.863185  0.022588
 0.868565  0.021688
 0.873852  0.020803
 0.879047  0.019933
 0.884147  0.019080
 0.889152  0.018244
 0.894059  0.017426
 0.898869  0.016627
 0.903579  0.015846
 0.908188  0.015084
 0.912695  0.014341
 0.917100  0.013616
 0.921401  0.012910
 0.925597  0.012221
 0.929686  0.011550
 0.933669  0.010896
 0.937544  0.010257
 0.941309  0.009635
 0.944964  0.009027
 0.948509  0.008434
 0.951942  0.007856
 0.955262  0.007290
 0.958469  0.006738
 0.961561  0.006199
 0.964539  0.005673
 0.967400  0.005159
 0.970146  0.004659
 0.972774  0.004171
 0.975284  0.003697
 0.977675  0.003238
 0.979948  0.002793
 0.982101  0.002363
 0.984134  0.001950
 0.986046  0.001553
 0.987838  0.001176
 0.989507  0.000817
 0.991055  0.000479
 0.992480  0.000162
 0.993782  -0.000132
 0.994962  -0.000402
 0.996018  -0.000646
 0.996950  -0.000865
 0.997759  -0.001057
 0.998443  -0.001221
 0.999003  -0.001356
 0.999439  -0.001462
 0.999751  -0.001538
 0.999938  -0.001584
 1.000000  -0.001599
