mh114_v12
 1.000000  0.000000
 0.999938  0.000023
 0.999751  0.000092
 0.999439  0.000208
 0.999003  0.000369
 0.998443  0.000576
 0.997759  0.000829
 0.996950  0.001127
 0.996018  0.001469
 0.994962  0.001856
 0.993782  0.002287
 0.992480  0.002761
 0.991055  0.003278
 0.989507  0.003837
 0.987838  0.004438
 0.986046  0.005080
 0.984134  0.005762
 0.982101  0.006483
 0.979948  0.007244
 0.977675  0.008042
 0.975284  0.008878
 0.972774  0.009750
 0.970146  0.010658
 0.967400  0.011602
 0.964539  0.012580
 0.961561  0.013592
 0.958469  0.014637
 0.955262  0.015714
 0.951942  0.016824
 0.948509  0.017965
 0.944964  0.019136
 0.941309  0.020338
 0.937544  0.021570
 0.933669  0.022831
 0.929686  0.024121
 0.925597  0.025439
 0.921401  0.026786
 0.917100  0.028161
 0.912695  0.029562
 0.908188  0.030992
 0.903579  0.032448
 0.898869  0.033930
 0.894059  0.035439
 0.889152  0.036974
 0.884147  0.038534
 0.879047  0.040119
 0.873852  0.041730
 0.868565  0.043365
 0.863185  0.045024
 0.857715  0.046706
 0.852155  0.048411
 0.846508  0.050138
 0.840775  0.051886
 0.834956  0.053655
 0.829054  0.055443
 0.823070  0.057250
 0.817006  0.059075
 0.810862  0.060915
 0.804642  0.062770
 0.798345  0.064639
 0.791974  0.066519
 0.785530  0.068410
 0.779014  0.070308
 0.772430  0.072213
 0.765777  0.074123
 0.759059  0.076034
 0.752275  0.077947
 0.745429  0.079857
 0.738522  0.081762
 0.731555  0.083661
 0.724530  0.085551
 0.717450  0.087430
 0.710315  0.089294
 0.703128  0.091143
 0.695890  0.092972
 0.688604  0.094780
 0.681270  0.096564
 0.673891  0.098323
 0.666469  0.100053
 0.659006  0.101752
 0.651503  0.103418
 0.643962  0.105050
 0.636385  0.106645
 0.628774  0.108201
 0.621131  0.109717
 0.613458  0.111191
 0.605757  0.112621
 0.598029  0.114006
 0.590277  0.115345
 0.582502  0.116636
 0.574707  0.117879
 0.566893  0.119073
 0.559063  0.120216
 0.551217  0.121309
 0.543359  0.122351
 0.535491  0.123341
 0.527613  0.124279
 0.519728  0.125165
 0.511839  0.125998
 0.503947  0.126779
 0.496053  0.127507
 0.488161  0.128183
 0.480272  0.128806
 0.472387  0.129377
 0.464509  0.129896
 0.456641  0.130362
 0.448783  0.130777
 0.440937  0.131140
 0.433107  0.131451
 0.425293  0.131711
 0.417498  0.131919
 0.409723  0.132076
 0.401971  0.132182
 0.394243  0.132236
 0.386542  0.132240
 0.378869  0.132192
 0.371226  0.132094
 0.363615  0.131944
 0.356038  0.131743
 0.348497  0.131491
 0.340994  0.131189
 0.333531  0.130835
 0.326109  0.130430
 0.318730  0.129975
 0.311396  0.129469
 0.304110  0.128912
 0.296872  0.128305
 0.289685  0.127647
 0.282550  0.126940
 0.275470  0.126183
 0.268445  0.125378
 0.261478  0.124523
 0.254571  0.123621
 0.247725  0.122671
 0.240941  0.121674
 0.234223  0.120632
 0.227570  0.119544
 0.220986  0.118412
 0.214470  0.117237
 0.208026  0.116019
 0.201655  0.114760
 0.195358  0.113460
 0.189138  0.112121
 0.182994  0.110744
 0.176930  0.109329
 0.170946  0.107877
 0.165044  0.106391
 0.159225  0.104870
 0.153492  0.103315
 0.147845  0.101728
 0.142285  0.100109
 0.136815  0.098459
 0.131435  0.096778
 0.126148  0.095067
 0.120953  0.093327
 0.115853  0.091559
 0.110848  0.089762
 0.105941  0.087937
 0.101131  0.086084
 0.096421  0.084204
 0.091812  0.082296
 0.087305  0.080362
 0.082900  0.078401
 0.078599  0.076413
 0.074403  0.074399
 0.070314  0.072359
 0.066331  0.070294
 0.062456  0.068203
 0.058691  0.066089
 0.055036  0.063950
 0.051491  0.061789
 0.048058  0.059605
 0.044738  0.057402
 0.041531  0.055178
 0.038439  0.052938
 0.035461  0.050681
 0.032600  0.048411
 0.029854  0.046130
 0.027226  0.043840
 0.024716  0.041543
 0.022325  0.039244
 0.020052  0.036945
 0.017899  0.034649
 0.015866  0.032361
 0.013954  0.030083
 0.012162  0.027821
 0.010493  0.025577
 0.008945  0.023357
 0.007520  0.021164
 0.006218  0.019002
 0.005038  0.016877
 0.003982  0.014791
 0.003050  0.012750
 0.002241  0.010756
 0.001557  0.008815
 0.000997  0.006929
 0.000561  0.005102
 0.000249  0.003336
 0.000062  0.001635
 0.000000  0.000000
 0.000062  -0.001142
 0.000249  -0.002217
 0.000561  -0.003226
 0.000997  -0.004172
 0.001557  -0.005056
 0.002241  -0.005882
 0.003050  -0.006652
 0.003982  -0.007369
 0.005038  -0.008036
 0.006218  -0.008658
 0.007520  -0.009236
 0.008945  -0.009775
 0.010493  -0.010277
 0.012162  -0.010746
 0.013954  -0.011186
 0.015866  -0.011598
 0.017899  -0.011986
 0.020052  -0.012353
 0.022325  -0.012700
 0.024716  -0.013030
 0.027226  -0.013345
 0.029854  -0.013646
 0.032600  -0.013935
 0.035461  -0.014212
 0.038439  -0.014479
 0.041531  -0.014737
 0.044738  -0.014985
 0.048058  -0.015223
 0.051491  -0.015451
 0.055036  -0.015670
 0.058691  -0.015878
 0.062456  -0.016074
 0.066331  -0.016259
 0.070314  -0.016430
 0.074403  -0.016588
 0.078599  -0.016730
 0.082900  -0.016856
 0.087305  -0.016964
 0.091812  -0.017055
 0.096421  -0.017125
 0.101131  -0.017175
 0.105941  -0.017204
 0.110848  -0.017210
 0.115853  -0.017193
 0.120953  -0.017153
 0.126148  -0.017088
 0.131435  -0.016999
 0.136815  -0.016886
 0.142285  -0.016747
 0.147845  -0.016584
 0.153492  -0.016396
 0.159225  -0.016184
 0.165044  -0.015948
 0.170946  -0.015690
 0.176930  -0.015408
 0.182994  -0.015105
 0.189138  -0.014781
 0.195358  -0.014437
 0.201655  -0.014075
 0.208026  -0.013694
 0.214470  -0.013296
 0.220986  -0.012882
 0.227570  -0.012454
 0.234223  -0.012012
 0.240941  -0.011556
 0.247725  -0.011090
 0.254571  -0.010612
 0.261478  -0.010124
 0.268445  -0.009627
 0.275470  -0.009121
 0.282550  -0.008608
 0.289685  -0.008087
 0.296872  -0.007560
 0.304110  -0.007027
 0.311396  -0.006488
 0.318730  -0.005944
 0.326109  -0.005395
 0.333531  -0.004840
 0.340994  -0.004282
 0.348497  -0.003719
 0.356038  -0.003152
 0.363615  -0.002581
 0.371226  -0.002005
 0.378869  -0.001427
 0.386542  -0.000844
 0.394243  -0.000259
 0.401971  0.000330
 0.409723  0.000922
 0.417498  0.001517
 0.425293  0.002114
 0.433107  0.002712
 0.440937  0.003313
 0.448783  0.003914
 0.456641  0.004516
 0.464509  0.005117
 0.472387  0.005718
 0.480272  0.006317
 0.488161  0.006914
 0.496053  0.007508
 0.503947  0.008098
 0.511839  0.008683
 0.519728  0.009262
 0.527613  0.009835
 0.535491  0.010400
 0.543359  0.010956
 0.551217  0.011503
 0.559063  0.012040
 0.566893  0.012565
 0.574707  0.013078
 0.582502  0.013578
 0.590277  0.014064
 0.598029  0.014535
 0.605757  0.014991
 0.613458  0.015431
 0.621131  0.015855
 0.628774  0.016261
 0.636385  0.016649
 0.643962  0.017020
 0.651503  0.017372
 0.659006  0.017705
 0.666469  0.018020
 0.673891  0.018315
 0.681270  0.018591
 0.688604  0.018847
 0.695890  0.019084
 0.703128  0.019302
 0.710315  0.019500
 0.717450  0.019679
 0.724530  0.019838
 0.731555  0.019979
 0.738522  0.020100
 0.745429  0.020202
 0.752275  0.020285
 0.759059  0.020349
 0.765777  0.020395
 0.772430  0.020421
 0.779014  0.020429
 0.785530  0.020419
 0.791974  0.020390
 0.798345  0.020342
 0.804642  0.020276
 0.810862  0.020191
 0.817006  0.020087
 0.823070  0.019964
 0.829054  0.019823
 0.834956  0.019663
 0.840775  0.019484
 0.846508  0.019286
 0.852155  0.019069
 0.857715  0.018833
 0.863185  0.018578
 0.868565  0.018304
 0.873852  0.018011
 0.879047  0.017700
 0.884147  0.017370
 0.889152  0.017022
 0.894059  0.016657
 0.898869  0.016274
 0.903579  0.015874
 0.908188  0.015457
 0.912695  0.015025
 0.917100  0.014578
 0.921401  0.014117
 0.925597  0.013643
 0.929686  0.013156
 0.933669  0.012658
 0.937544  0.012151
 0.941309  0.011634
 0.944964  0.011111
 0.948509  0.010581
 0.951942  0.010047
 0.955262  0.009510
 0.958469  0.008972
 0.961561  0.008434
 0.964539  0.007899
 0.967400  0.007367
 0.970146  0.006841
 0.972774  0.006322
 0.975284  0.005812
 0.977675  0.005314
 0.979948  0.004828
 0.982101  0.004357
 0.984134  0.003902
 0.986046  0.003465
 0.987838  0.003048
 0.989507  0.002652
 0.991055  0.002279
 0.992480  0.001929
 0.993782  0.001606
 0.994962  0.001309
 0.996018  0.001040
 0.996950  0.000800
 0.997759  0.000591
 0.998443  0.000412
 0.999003  0.000264
 0.999439  0.000149
 0.999751  0.000066
 0.999938  0.000017
 1.000000  0.000000
