s1210_v28
 1.000000  0.000143
 0.999938  0.000186
 0.999751  0.000314
 0.999439  0.000527
 0.999003  0.000824
 0.998443  0.001203
 0.997759  0.001662
 0.996950  0.002198
 0.996018  0.002810
 0.994962  0.003493
 0.993782  0.004245
 0.992480  0.005062
 0.991055  0.005939
 0.989507  0.006874
 0.987838  0.007860
 0.986046  0.008896
 0.984134  0.009974
 0.982101  0.011093
 0.979948  0.012246
 0.977675  0.013429
 0.975284  0.014639
 0.972774  0.015872
 0.970146  0.017123
 0.967400  0.018388
 0.964539  0.019665
 0.961561  0.020949
 0.958469  0.022239
 0.955262  0.023532
 0.951942  0.024824
 0.948509  0.026115
 0.944964  0.027403
 0.941309  0.028686
 0.937544  0.029963
 0.933669  0.031235
 0.929686  0.032499
 0.925597  0.033756
 0.921401  0.035007
 0.917100  0.036252
 0.912695  0.037491
 0.908188  0.038725
 0.903579  0.039955
 0.898869  0.041182
 0.894059  0.042408
 0.889152  0.043633
 0.884147  0.044858
 0.879047  0.046085
 0.873852  0.047315
 0.868565  0.048549
 0.863185  0.049789
 0.857715  0.051034
 0.852155  0.052287
 0.846508  0.053546
 0.840775  0.054814
 0.834956  0.056090
 0.829054  0.057374
 0.823070  0.058667
 0.817006  0.059967
 0.810862  0.061276
 0.804642  0.062591
 0.798345  0.063912
 0.791974  0.065239
 0.785530  0.066570
 0.779014  0.067904
 0.772430  0.069239
 0.765777  0.070575
 0.759059  0.071910
 0.752275  0.073242
 0.745429  0.074570
 0.738522  0.075893
 0.731555  0.077208
 0.724530  0.078516
 0.717450  0.079813
 0.710315  0.081099
 0.703128  0.082373
 0.695890  0.083634
 0.688604  0.084881
 0.681270  0.086113
 0.673891  0.087329
 0.666469  0.088530
 0.659006  0.089714
 0.651503  0.090882
 0.643962  0.092034
 0.636385  0.093169
 0.628774  0.094288
 0.621131  0.095391
 0.613458  0.096479
 0.605757  0.097552
 0.598029  0.098611
 0.590277  0.099655
 0.582502  0.100686
 0.574707  0.101704
 0.566893  0.102710
 0.559063  0.103704
 0.551217  0.104685
 0.543359  0.105655
 0.535491  0.106613
 0.527613  0.107559
 0.519728  0.108493
 0.511839  0.109414
 0.503947  0.110322
 0.496053  0.111215
 0.488161  0.112092
 0.480272  0.112952
 0.472387  0.113793
 0.464509  0.114614
 0.456641  0.115412
 0.448783  0.116186
 0.440937  0.116932
 0.433107  0.117649
 0.425293  0.118334
 0.417498  0.118983
 0.409723  0.119595
 0.401971  0.120166
 0.394243  0.120694
 0.386542  0.121176
 0.378869  0.121608
 0.371226  0.121988
 0.363615  0.122315
 0.356038  0.122584
 0.348497  0.122794
 0.340994  0.122943
 0.333531  0.123029
 0.326109  0.123050
 0.318730  0.123005
 0.311396  0.122893
 0.304110  0.122713
 0.296872  0.122465
 0.289685  0.122149
 0.282550  0.121764
 0.275470  0.121311
 0.268445  0.120791
 0.261478  0.120205
 0.254571  0.119555
 0.247725  0.118840
 0.240941  0.118065
 0.234223  0.117229
 0.227570  0.116336
 0.220986  0.115388
 0.214470  0.114386
 0.208026  0.113333
 0.201655  0.112232
 0.195358  0.111085
 0.189138  0.109894
 0.182994  0.108661
 0.176930  0.107389
 0.170946  0.106079
 0.165044  0.104733
 0.159225  0.103352
 0.153492  0.101939
 0.147845  0.100493
 0.142285  0.099017
 0.136815  0.097510
 0.131435  0.095973
 0.126148  0.094406
 0.120953  0.092808
 0.115853  0.091180
 0.110848  0.089521
 0.105941  0.087830
 0.101131  0.086106
 0.096421  0.084348
 0.091812  0.082555
 0.087305  0.080725
 0.082900  0.078858
 0.078599  0.076952
 0.074403  0.075007
 0.070314  0.073021
 0.066331  0.070994
 0.062456  0.068924
 0.058691  0.066813
 0.055036  0.064660
 0.051491  0.062466
 0.048058  0.060231
 0.044738  0.057957
 0.041531  0.055646
 0.038439  0.053300
 0.035461  0.050923
 0.032600  0.048517
 0.029854  0.046087
 0.027226  0.043637
 0.024716  0.041173
 0.022325  0.038700
 0.020052  0.036224
 0.017899  0.033752
 0.015866  0.031292
 0.013954  0.028850
 0.012162  0.026434
 0.010493  0.024053
 0.008945  0.021715
 0.007520  0.019428
 0.006218  0.017202
 0.005038  0.015043
 0.003982  0.012962
 0.003050  0.010966
 0.002241  0.009063
 0.001557  0.007262
 0.000997  0.005568
 0.000561  0.003989
 0.000249  0.002532
 0.000062  0.001200
 0.000000  0.000000
 0.000062  -0.001692
 0.000249  -0.003250
 0.000561  -0.004679
 0.000997  -0.005981
 0.001557  -0.007161
 0.002241  -0.008223
 0.003050  -0.009173
 0.003982  -0.010017
 0.005038  -0.010761
 0.006218  -0.011412
 0.007520  -0.011977
 0.008945  -0.012462
 0.010493  -0.012875
 0.012162  -0.013222
 0.013954  -0.013511
 0.015866  -0.013748
 0.017899  -0.013939
 0.020052  -0.014092
 0.022325  -0.014211
 0.024716  -0.014301
 0.027226  -0.014369
 0.029854  -0.014419
 0.032600  -0.014454
 0.035461  -0.014478
 0.038439  -0.014493
 0.041531  -0.014504
 0.044738  -0.014510
 0.048058  -0.014513
 0.051491  -0.014515
 0.055036  -0.014515
 0.058691  -0.014513
 0.062456  -0.014508
 0.066331  -0.014500
 0.070314  -0.014487
 0.074403  -0.014467
 0.078599  -0.014438
 0.082900  -0.014397
 0.087305  -0.014343
 0.091812  -0.014272
 0.096421  -0.014183
 0.101131  -0.014071
 0.105941  -0.013934
 0.110848  -0.013771
 0.115853  -0.013577
 0.120953  -0.013351
 0.126148  -0.013090
 0.131435  -0.012793
 0.136815  -0.012457
 0.142285  -0.012080
 0.147845  -0.011663
 0.153492  -0.011203
 0.159225  -0.010699
 0.165044  -0.010153
 0.170946  -0.009563
 0.176930  -0.008930
 0.182994  -0.008254
 0.189138  -0.007536
 0.195358  -0.006778
 0.201655  -0.005981
 0.208026  -0.005147
 0.214470  -0.004277
 0.220986  -0.003373
 0.227570  -0.002439
 0.234223  -0.001475
 0.240941  -0.000486
 0.247725  0.000527
 0.254571  0.001562
 0.261478  0.002614
 0.268445  0.003683
 0.275470  0.004764
 0.282550  0.005856
 0.289685  0.006956
 0.296872  0.008062
 0.304110  0.009171
 0.311396  0.010281
 0.318730  0.011390
 0.326109  0.012497
 0.333531  0.013599
 0.340994  0.014695
 0.348497  0.015784
 0.356038  0.016864
 0.363615  0.017934
 0.371226  0.018993
 0.378869  0.020041
 0.386542  0.021076
 0.394243  0.022099
 0.401971  0.023108
 0.409723  0.024102
 0.417498  0.025083
 0.425293  0.026049
 0.433107  0.026999
 0.440937  0.027934
 0.448783  0.028854
 0.456641  0.029757
 0.464509  0.030644
 0.472387  0.031514
 0.480272  0.032367
 0.488161  0.033202
 0.496053  0.034018
 0.503947  0.034815
 0.511839  0.035592
 0.519728  0.036348
 0.527613  0.037083
 0.535491  0.037795
 0.543359  0.038483
 0.551217  0.039147
 0.559063  0.039785
 0.566893  0.040396
 0.574707  0.040979
 0.582502  0.041532
 0.590277  0.042055
 0.598029  0.042547
 0.605757  0.043006
 0.613458  0.043431
 0.621131  0.043822
 0.628774  0.044177
 0.636385  0.044495
 0.643962  0.044777
 0.651503  0.045021
 0.659006  0.045227
 0.666469  0.045394
 0.673891  0.045523
 0.681270  0.045613
 0.688604  0.045664
 0.695890  0.045677
 0.703128  0.045652
 0.710315  0.045590
 0.717450  0.045490
 0.724530  0.045355
 0.731555  0.045184
 0.738522  0.044979
 0.745429  0.044740
 0.752275  0.044470
 0.759059  0.044168
 0.765777  0.043836
 0.772430  0.043476
 0.779014  0.043088
 0.785530  0.042673
 0.791974  0.042234
 0.798345  0.041771
 0.804642  0.041284
 0.810862  0.040776
 0.817006  0.040248
 0.823070  0.039699
 0.829054  0.039131
 0.834956  0.038544
 0.840775  0.037939
 0.846508  0.037317
 0.852155  0.036678
 0.857715  0.036022
 0.863185  0.035350
 0.868565  0.034661
 0.873852  0.033957
 0.879047  0.033235
 0.884147  0.032498
 0.889152  0.031744
 0.894059  0.030974
 0.898869  0.030188
 0.903579  0.029385
 0.908188  0.028566
 0.912695  0.027731
 0.917100  0.026880
 0.921401  0.026014
 0.925597  0.025132
 0.929686  0.024235
 0.933669  0.023325
 0.937544  0.022401
 0.941309  0.021466
 0.944964  0.020520
 0.948509  0.019565
 0.951942  0.018602
 0.955262  0.017634
 0.958469  0.016663
 0.961561  0.015690
 0.964539  0.014719
 0.967400  0.013751
 0.970146  0.012791
 0.972774  0.011840
 0.975284  0.010902
 0.977675  0.009981
 0.979948  0.009079
 0.982101  0.008200
 0.984134  0.007347
 0.986046  0.006524
 0.987838  0.005735
 0.989507  0.004983
 0.991055  0.004271
 0.992480  0.003602
 0.993782  0.002980
 0.994962  0.002407
 0.996018  0.001886
 0.996950  0.001421
 0.997759  0.001012
 0.998443  0.000663
 0.999003  0.000375
 0.999439  0.000149
 0.999751  -0.000013
 0.999938  -0.000110
 1.000000  -0.000143
